2.771756540627914092e+02 -1.507516849512290591e+01 -7.783353863948041074e+00 1.935243047765631847e-03 1.402693550828330686e-02 -1.617218444089724497e-02 9.997689534912564957e-01
2.782077421884477531e+02 -1.510850405031201760e+01 -7.813331336350820777e+00 1.930921038036791321e-03 1.402474456515785325e-02 -1.614662212515678014e-02 9.997694057520335464e-01
2.792454183255123894e+02 -1.514181720476289073e+01 -7.843024697695889280e+00 1.930915341097446574e-03 1.402455715981824370e-02 -1.614654760532337197e-02 9.997694095954554605e-01
2.802936988130553004e+02 -1.517462849867495223e+01 -7.871809136865681289e+00 1.912076438515731072e-03 1.400006424143006994e-02 -1.709284808046755699e-02 9.997540581110072599e-01
2.813465284564139210e+02 -1.521059557666964501e+01 -7.901116375173111273e+00 1.885694288151087451e-03 1.390586981189938232e-02 -1.825273845477494439e-02 9.997349191064237584e-01
2.823978999979956370e+02 -1.524992699080282854e+01 -7.933253069051865225e+00 1.872592908576803383e-03 1.391496305819401973e-02 -1.920970281918918388e-02 9.997168871818092883e-01
2.834460755241249785e+02 -1.529623960399511695e+01 -7.967470642182557405e+00 1.885384635064576379e-03 1.486651870547182550e-02 -1.949553791082114795e-02 9.996976322608378540e-01
2.844972406369075202e+02 -1.534413371179469898e+01 -8.003931317043543103e+00 1.884206322169799551e-03 1.516614364047420317e-02 -1.964635988764753399e-02 9.996901812045454472e-01
2.855554961558934792e+02 -1.538592306846427071e+01 -8.037406663877145974e+00 1.870242660287008271e-03 1.517340675002390796e-02 -2.047842520428944796e-02 9.996733986763587376e-01
2.866198814315330878e+02 -1.543045777800673157e+01 -8.069567532869911020e+00 1.847143783544199233e-03 1.516165970768848514e-02 -2.158131309439685966e-02 9.996504184262980930e-01
2.876856301089482031e+02 -1.547718596988240591e+01 -8.101312161907134879e+00 1.814869204068236255e-03 1.502391564906050032e-02 -2.250044200204017950e-02 9.996322915542769083e-01
2.887510607129214577e+02 -1.552970958434881865e+01 -8.132583807513110941e+00 1.744817884941562806e-03 1.447046864102694876e-02 -2.344647552403161458e-02 9.996188393249492155e-01
2.898113181535159697e+02 -1.558056906844915623e+01 -8.164243330311709457e+00 1.709828660813474729e-03 1.427832551202443123e-02 -2.451886212428404377e-02 9.995959340186681974e-01
2.908667696789302113e+02 -1.563278268536232574e+01 -8.194368422104885141e+00 1.701768575876468461e-03 1.427798897352370623e-02 -2.489163651337033406e-02 9.995867393309457727e-01
2.919147053920180497e+02 -1.568543717884716848e+01 -8.226290791449958562e+00 1.702601793580366119e-03 1.427763467605848435e-02 -2.489220216446424300e-02 9.995867288867898992e-01
2.929592682444882712e+02 -1.573802313314933876e+01 -8.258674513890090552e+00 1.697835522848090096e-03 1.427552398179227945e-02 -2.487932418284793251e-02 9.995870877506308760e-01
2.939974702894388088e+02 -1.579140921650935603e+01 -8.291402194300729889e+00 1.711296112535668672e-03 1.443089028821787669e-02 -2.497182150930126257e-02 9.995825273591031346e-01
2.950355011047891480e+02 -1.584629032564387963e+01 -8.326287500598649416e+00 1.700804947981877447e-03 1.446512633960421977e-02 -2.474888187130250272e-02 9.995875950754034012e-01
2.960709537294400775e+02 -1.589806604522615707e+01 -8.357424717743111131e+00 1.702933137443028103e-03 1.446394387932443786e-02 -2.474736706049093446e-02 9.995876460669962382e-01
2.971062423686332181e+02 -1.594943958691389696e+01 -8.386346893223688426e+00 1.702058207681103651e-03 1.446382884165373951e-02 -2.474662536969953960e-02 9.995876675839436842e-01
2.981388520096967341e+02 -1.600079085975501414e+01 -8.415447988319613160e+00 1.691785216827503555e-03 1.443258102977660814e-02 -2.495122078263098744e-02 9.995830506011271765e-01
2.991657938588073762e+02 -1.605303779690026644e+01 -8.445213460264984207e+00 1.690872556700790882e-03 1.443265415935643219e-02 -2.496358453345108933e-02 9.995827423936223255e-01
3.001917081011895903e+02 -1.610456920418405247e+01 -8.475444332001767833e+00 1.690006883912576136e-03 1.443238758011929947e-02 -2.496312158007996454e-02 9.995827592683096396e-01
3.012176328476689946e+02 -1.615704283198243374e+01 -8.504443329739924451e+00 1.660356458498388112e-03 1.426586862620676972e-02 -2.543261996444432307e-02 9.995733640161259537e-01
3.022471265553612625e+02 -1.621229775953293384e+01 -8.532589668164193952e+00 1.607000102050956366e-03 1.382663098596877832e-02 -2.584027085598845572e-02 9.995691683061952437e-01
3.032751291176302288e+02 -1.626540583579479105e+01 -8.561339396614311426e+00 1.601954999502657991e-03 1.382267200001644804e-02 -2.596220700038300022e-02 9.995660714963412463e-01
3.042937997635901297e+02 -1.632925562841125711e+01 -8.600060661158854813e+00 1.023455854376063325e-03 1.539910407037533603e-02 -2.576081464730341566e-02 9.995489985791848886e-01
3.053134023702557442e+02 -1.638845231050074958e+01 -8.634978195634699816e+00 9.725501706217549829e-04 1.649450269720559997e-02 -2.578147326751359034e-02 9.995310406200970110e-01
